#1

# efficiency - rows:speeds pu, columns:torques pu
#
double nEffTable (9,9)
0.00  0.00  0.15  0.25   0.50  0.65  0.75  0.85  1.000 
0.00  0.50  0.50  0.50   0.50  0.50  0.50  0.50  0.500 
0.15  0.50  0.60  0.75   0.80  0.85  0.80  0.79  0.780   
0.25  0.50  0.75  0.89   0.905 0.905 0.90  0.89  0.875   
0.50  0.50  0.80  0.905  0.905 0.905 0.870 0.87  0.870
0.65  0.50  0.85  0.905  0.905 0.870 0.870 0.870 0.870
0.75  0.50  0.80  0.90   0.870 0.870 0.870 0.870 0.870
0.85  0.50  0.79  0.89   0.870 0.870 0.870 0.870 0.870
1.00  0.50  0.78  0.875  0.870 0.84  0.870 0.870 0.870

# efficiency - rows:speeds (rpm), columns:torques (Nm)
#
double effTable (9,9)
000  0000  0015  0025   0050  0065  0075  0085  100.0 
000  0.50  0.50  0.50   0.50  0.50  0.50  0.50  0.500 
3000 0.50  0.60  0.75   0.80  0.85  0.80  0.79  0.780   
5000 0.50  0.75  0.89   0.905 0.905 0.90  0.89  0.875   
1000 0.50  0.80  0.905  0.905 0.905 0.870 0.87  0.870
1300 0.50  0.85  0.905  0.905 0.870 0.870 0.870 0.870
1500 0.50  0.80  0.90   0.870 0.870 0.870 0.870 0.870
1700 0.50  0.79  0.89   0.870 0.870 0.870 0.870 0.870
2000 0.50  0.78  0.875  0.870 0.84  0.870 0.870 0.870

# first column: rpms; second Nm (72 kW machine)
double minTorque(9,2)
	0.0  -785
	583  -785
	700  -711
	817  -621
	934  -544
	1109 -458
	1518 -340
	1868 -310
	2335 -300

# first column: rpms; second Nm (72 kW machine)
double maxTorque(9,2)
	0.0  785
	583  785
	700  711
	817  621
	934  544
	1109 458
	1518 340
	1868 310
	2335 300

# first column: speed (pu); second torque (pu)
double nMinTorque(9,2)
	0.0 	-1
	0.25	-1
	0.3 	-0.906
	0.35	-0.791
	0.4 	-0.693
	0.475	-0.584
	0.65	-0.433
	0.8 	-0.395
	1		-0.382

# first column: speed (pu); second torque (pu)
double nMaxTorque(9,2)
	0.0 	1
	0.25	1
	0.3 	0.906
	0.35	0.791
	0.4 	0.693
	0.475	0.584
	0.65	0.433
	0.8 	0.395
	1		0.382
